Australia

"gdp":[[1981,11826],[1982,12758.7],[1983,11510.1],[1984,12429.1],[1985,11434.4],[1986,11361.3],[1987,11625.6],[1988,14261.3],[1989,17811],[1990,18221.7],[1991,18836.8],[1992,18591.2],[1993,17657.2],[1994,18079.3],[1995,20360.2],[1996,21917.7],[1997,23522.8],[1998,21340.1],[1999,20536.4],[2000,21665.1],[2001,19495.1],[2002,20059.5],[2003,23440],[2004,30440.9],[2005,33983],[2006,36084.9],[2007,40957.8],[2008,49628.1],[2009,42715.1],[2010,51845.7],[2011,62216.5]]

Belgium

"gdp":[[1981,10679.7],[1982,9383.9],[1983,8893.6],[1984,8502.5],[1985,8797.7],[1986,12235.2],[1987,15216.9],[1988,16478.8],[1989,16613.5],[1990,20710.7],[1991,21154.3],[1992,23497.7],[1993,22403.2],[1994,24338.2],[1995,28565.9],[1996,27701.9],[1997,25027.8],[1998,25541.7],[1999,25444.1],[2000,23207.4],[2001,23121.6],[2002,25052.3],[2003,30744],[2004,35589.7],[2005,36967.3],[2006,38852.4],[2007,44403.8],[2008,48424.6],[2009,44880.6],[2010,44382.9],[2011,47699.8]]

Brazil

"gdp":[[1981,2106.7],[1982,2199.7],[1983,1551.8],[1984,1560.5],[1985,1629.3],[1986,1919.9],[1987,2064.7],[1988,2276.2],[1989,2879.5],[1990,3071.6],[1991,3942.4],[1992,2578.2],[1993,2774.2],[1994,3482.5],[1995,4827.2],[1996,5144.6],[1997,5260.5],[1998,5065.3],[1999,3461.6],[2000,3728.5],[2001,3135.2],[2002,2805.7],[2003,3040.5],[2004,3596.2],[2005,4730.7],[2006,5808.3],[2007,7246.9],[2008,8706.8],[2009,8474.9],[2010,11121.4],[2011,13039.1]]


Canada

"gdp":[[1981,12279.1],[1982,12437.6],[1983,13368.9],[1984,13768.9],[1985,12991.2],[1986,14335.7],[1987,16159],[1988,18814.6],[1989,20586.6],[1990,21302.4],[1991,21591.1],[1992,20692.7],[1993,19936.4],[1994,19785.7],[1995,20509],[1996,21129.4],[1997,21709.3],[1998,20875.2],[1999,22109.6],[2000,24032],[2001,23573.8],[2002,23995],[2003,28026],[2004,31830],[2005,36028.2],[2006,40243.6],[2007,44328.5],[2008,46400.4],[2009,40764.1],[2010,47463.6],[2011,52068.5]]


China

"gdp":[[1981,195.6],[1982,201.8],[1983,223.7],[1984,248.9],[1985,292.5],[1986,280.1],[1987,250.3],[1988,282.1],[1989,309.3],[1990,316.2],[1991,331.5],[1992,364.8],[1993,375.8],[1994,471.8],[1995,607.6],[1996,707],[1997,778.9],[1998,825.5],[1999,869.7],[2000,954.6],[2001,1047.5],[2002,1141.8],[2003,1280.6],[2004,1498.2],[2005,1740.1],[2006,9500.8],[2007,10513.5],[2008,10791],[2009,10217.3],[2010,12785.1],[2011,5574.2]]



United States

"gdp":[[1981,13993.2],[1982,14439],[1983,15561.4],[1984,17134.3],[1985,18269.4],[1986,19115.1],[1987,20100.9],[1988,21483.2],[1989,22922.4],[1990,23954.5],[1991,24405.2],[1992,25493],[1993,26464.9],[1994,27776.6],[1995,28782.2],[1996,30068.2],[1997,31572.7],[1998,32949.2],[1999,34620.9],[2000,36449.9],[2001,37273.6],[2002,38166],[2003,39677.2],[2004,41921.8],[2005,44307.9],[2006,46437.1],[2007,48061.5],[2008,48401.4],[2009,47001.6],[2010,48374.1],[2011,49781.4]]



Vietnam

"gdp":[[1981,239.4],[1982,239.4],[1983,239.4],[1984,239.4],[1985,239.4],[1986,437.1],[1987,593.7],[1988,401.9],[1989,97.2],[1990,98],[1991,143],[1992,144.1],[1993,189.3],[1994,230],[1995,288],[1996,337.1],[1997,361.3],[1998,360.6],[1999,374.5],[2000,433.3],[2001,448.9],[2002,477.1],[2003,530.9],[2004,606.9],[2005,699.5],[2006,796.7],[2007,919.2],[2008,1164.6],[2009,1232.4],[2010,1333.6],[2011,1542.7]],



Cuba 

"gdp":[[1981,2038.6],[1982,2111.1],[1983,2228],[1984,2399.8],[1985,2273.3],[1986,2383.6],[1987,2455.2],[1988,2645.6],[1989,2577.2],[1990,2707],[1991,2280.2],[1992,2057.2],[1993,2071.5],[1994,2621.1],[1995,2790.1],[1996,2283.6],[1997,2305.9],[1998,2330.8],[1999,2559.9],[2000,2749.5],[2001,2841.2],[2002,3003.3],[2003,3201.3],[2004,3398.6],[2005,3786.9],[2006,4677.7],[2007,5193.5],[2008,5385.7],[2009,5494.9],[2010,5688.7],[2011,6092.6]],

Denmark

"gdp":[[1981,11984],[1982,11707.4],[1983,11768.7],[1984,11478.4],[1985,12167.5],[1986,17146.7],[1987,21289.2],[1988,22441.1],[1989,21799.3],[1990,26861.8],[1991,26961],[1992,29562.2],[1993,27553.1],[1994,29992.2],[1995,35351.4],[1996,35650.7],[1997,32835.9],[1998,33368.2],[1999,33440.8],[2000,30743.6],[2001,30751.6],[2002,33228.7],[2003,40458.8],[2004,46487.5],[2005,48816.8],[2006,52041],[2007,58501.1],[2008,64182],[2009,57895.5],[2010,57647.7],[2011,61304.1]]

Ethiopia

"gdp":[[1981,202.9],[1982,207.7],[1983,223.9],[1984,205],[1985,232.5],[1986,233.9],[1987,242.2],[1988,242.9],[1989,247.2],[1990,253.3],[1991,270.4],[1992,203.3],[1993,165.1],[1994,125.1],[1995,133.9],[1996,144.7],[1997,141.1],[1998,124.7],[1999,119.3],[2000,124.1],[2001,120.4],[2002,111.5],[2003,119.1],[2004,136],[2005,161.9],[2006,194.1],[2007,243.6],[2008,325.8],[2009,380.3],[2010,341.9],[2011,355.6]]

Finland

"gdp":[[1981,10934.6],[1982,10945.3],[1983,10505.8],[1984,10841.6],[1985,11405.9],[1986,14962.3],[1987,18580.7],[1988,22056.7],[1989,23983.8],[1990,28380.5],[1991,25503.2],[1992,22337.5],[1993,17617],[1994,20305.6],[1995,26273.5],[1996,25777.6],[1997,24676.5],[1998,25989.4],[1999,26178.8],[2000,24253.3],[2001,24913.2],[2002,26384],[2003,232816.2],[2004,37636.1],[2005,38969.2],[2006,41120.7],[2007,48288.5],[2008,53401.3],[2009,47107.2],[2010,46205.2],[2011,50787.6]]


France

"gdp":[[1981,11110.6],[1982,10505.7],[1983,10005.2],[1984,9432.3],[1985,9775.3],[1986,13557.1],[1987,16324.4],[1988,17696.5],[1989,17705],[1990,21795.2],[1991,21782.4],[1992,23937.1],[1993,22503.3],[1994,23625.5],[1995,27038],[1996,27015.3],[1997,24359.4],[1998,25101.4],[1999,24799.3],[2000,22465.6],[2001,22527.3],[2002,24275.2],[2003,29691.2],[2004,33874.7],[2005,34879.7],[2006,36544.5],[2007,41600.6],[2008,45413.1],[2009,41631.1],[2010,40705.8],[2011,43807.5]]

Greece

"gdp":[[1981,5380.3],[1982,5579.2],[1983,5019.9],[1984,4852.6],[1985,4813.7],[1986,5656.5],[1987,6564.9],[1988,7598],[1989,7846.7],[1990,9600.2],[1991,10188.4],[1992,11176.5],[1993,10402],[1994,11091.3],[1995,12959.3],[1996,13749.1],[1997,13427.8],[1998,13472.1],[1999,13245.2],[2000,12076.4],[2001,12538.2],[2002,14110.3],[2003,18477.6],[2004,21955.1],[2005,22551.7],[2006,24801.2],[2007,28827.3],[2008,31997.3],[2009,29711],[2010,26919.4],[2011,25914.7]]


India

"gdp":[[1981,275.9],[1982,279.7],[1983,297.2],[1984,282.3],[1985,302.5],[1986,316.8],[1987,347.4],[1988,361.5],[1989,353.3],[1990,375.2],[1991,309.3],[1992,323.5],[1993,307.4],[1994,353.3],[1995,381.5],[1996,408.2],[1997,424.1],[1998,412.8],[1999,451.1],[2000,452.4],[2001,460.8],[2002,480.6],[2003,557.9],[2004,640.6],[2005,729],[2006,816.7],[2007,1050],[2008,1022.6],[2009,1124.5],[2010,1387.9],[2011,1471.7]]

Indonesia

"gdp":[[1981,612.5],[1982,613],[1983,540.2],[1984,542.3],[1985,529.3],[1986,475.4],[1987,442.1],[1988,507.4],[1989,569.2],[1990,630.7],[1991,694.2],[1992,740.9],[1993,827.8],[1994,912.1],[1995,1026.3],[1996,1137.3],[1997,1063.6],[1998,463.9],[1999,671],[2000,780.1],[2001,748.2],[2002,900.1],[2003,1065.7],[2004,1150.3],[2005,1263.5],[2006,1590.2],[2007,1860.6],[2008,2167.9],[2009,2262.7],[2010,3125.2],[2011,3647.6]]


Iraq
"gdp":[[1981,2735.6],[1982,2950],[1983,2738.3],[1984,3078.2],[1985,3099.9],[1986,2957],[1987,3474.3],[1988,3752.2],[1989,3850.3],[1990,10291.9],[1991,18836.8],[1992,18836.8],[1993,18836.8],[1994,18836.8],[1995,18836.8],[1996,18836.8],[1997,18836.8],[1998,18836.8],[1999,18836.8],[2000,18836.8],[2001,18836.8],[2002,18836.8],[2003,18836.8],[2004,18836.8],[2005,18836.8],[2006,18836.8],[2007,18836.8],[2008,18836.8],[2009,18836.8],[2010,18836.8],[2011,18836.8]]

Italy

"gdp":[[1981,7600.5],[1982,7543.3],[1983,7809.6],[1984,7717],[1985,7967.2],[1986,11281.8],[1987,14192.9],[1988,15698.4],[1989,16338.6],[1990,20764.7],[1991,21892.1],[1992,23175.2],[1993,18683.8],[1994,19280.9],[1995,20603.9],[1996,23028.5],[1997,21787.7],[1998,22260.8],[1999,21945.5],[2000,20059.2],[2001,20409],[2002,22205.8],[2003,27399.1],[2004,31188.6],[2005,31973.9],[2006,33426.2],[2007,37716.4],[2008,40659.7],[2009,36995.1],[2010,35877.9],[2011,38364.9]]


Japan

"gdp":[[1981,10212.4],[1982,9428.9],[1983,10214],[1984,10786.8],[1985,11465.7],[1986,16882.3],[1987,20355.6],[1988,24592.8],[1989,24505.8],[1990,25123.6],[1991,28540.8],[1992,31013.6],[1993,35451.3],[1994,38814.9],[1995,42522.1],[1996,37422.9],[1997,34304.1],[1998,30969.7],[1999,35004.1],[2000,37299.6],[2001,32716.4],[2002,31235.6],[2003,33690.9],[2004,36441.5],[2005,35781.2],[2006,34076],[2007,34033.7],[2008,37865.6],[2009,39322.6],[2010,42909.2],[2011,46203.7]]


Korea

"gdp":[[1981,1968.9],[1982,2075.9],[1983,2268.2],[1984,2474.5],[1985,2542],[1986,2906.2],[1987,3627.6],[1988,4813.3],[1989,5860.4],[1990,6642.5],[1991,7657.7],[1992,8140.2],[1993,8869],[1994,10275.3],[1995,12403.9],[1996,13254.6],[1997,12196.8],[1998,8133.7],[1999,10432.2],[2000,11947.6],[2001,11255.9],[2002,12788.6],[2003,14219.2],[2004,15921.9],[2005,18657.5],[2006,20917],[2007,23101.5],[2008,20474.9],[2009,18338.7],[2010,22151.2],[2011,24155.8]]


Malaysia
"gdp":[[1981,1763.4],[1982,1843],[1983,2033],[1984,2213.7],[1985,1979.2],[1986,1709.7],[1987,1926.6],[1988,2050.4],[1989,2194],[1990,2417.4],[1991,2626.6],[1992,3080.9],[1993,3395.5],[1994,3685.9],[1995,4280],[1996,4743.7],[1997,4585.7],[1998,3227.8],[1999,3456.5],[2000,4004.6],[2001,3878.8],[2002,4132.7],[2003,4431.2],[2004,4924.6],[2005,5564.2],[2006,6194.7],[2007,7240.7],[2008,8486.6],[2009,7312],[2010,9069],[2011,10427.8]]

Norway
"gdp":[[1981,15512.5],[1982,15224.9],[1983,14927.5],[1984,14989.5],[1985,15753.6],[1986,18883.3],[1987,22505.9],[1988,24207.3],[1989,24281.1],[1990,28242.9],[1991,28596.9],[1992,30524],[1993,27963.7],[1994,29315.8],[1995,34875.2],[1996,37321.4],[1997,36628.5],[1998,34788.8],[1999,36371.4],[2000,38146.7],[2001,38549.6],[2002,43061.2],[2003,50111.7],[2004,57570.3],[2005,66775.4],[2006,74114.7],[2007,85128.7],[2008,96880.5],[2009,80017.8],[2010,87646.3],[2011,100575.18]]


Portugal
"gdp":[[1981,31980423453],[1982,30530759334],[1983,27242331886],[1984,25220451794],[1985,27118476174],[1986,38749715722],[1987,48187667853],[1988,56352797354],[1989,60600056659],[1990,78721607509],[1991,89242382961],[1992,107602689041],[1993,95019103603],[1994,99698453261],[1995,118133634072],[1996,122629812841],[1997,117046198971],[1998,123981736420],[1999,127465545493],[2000,118358489958],[2001,121545880984],[2002,134228697534],[2003,164964195260],[2004,189187437298],[2005,197304513120],[2006,208566948940],[2007,240169336162],[2008,262007590450],[2009,243745748819],[2010,238317631788],[2011,244879869336]]

South Africa 
"gdp":[[1981,86833985897],[1982,80083518598],[1983,86015133649],[1984,85169436537],[1985,67065070009],[1986,79503484221],[1987,104024659658],[1988,114630316417],[1989,124907439724],[1990,112014836393],[1991,120225985442],[1992,130513680154],[1993,134309807571],[1994,139752373972],[1995,155460234816],[1996,147608050636],[1997,152586031836],[1998,137774695404],[1999,136631881365],[2000,136361791003],[2001,121515880069],[2002,115482304202],[2003,175256866089],[2004,228593703991],[2005,257772766358],[2006,271638630111],[2007,299415359540],[2008,286769850240],[2009,295936471258],[2010,375349442837],[2011,416596716627]]

Singapore
"gdp":[[1981,14171752830],[1982,16078932759],[1983,17775115135],[1984,19735453641],[1985,19138445912],[1986,18569643987],[1987,20897470244],[1988,25337427488],[1989,30423195895],[1990,36152800270],[1991,45474442836],[1992,52156414979],[1993,60644572348],[1994,73777792327],[1995,87890009877],[1996,96403758865],[1997,100163995151],[1998,85707636233],[1999,86283126844],[2000,95833932715],[2001,89286208629],[2002,91941192896],[2003,97001377569],[2004,114188557567],[2005,127417688056],[2006,147797218201],[2007,179981288567],[2008,192225881688],[2009,192408387762],[2010,236421782178],[2011,275364525362]]































